<?xml version="1.0" encoding="utf-8" standalone="no"?>
<customField name="CP-1">
    <vertices>
-294.64 80.89 -582.65|
-294.64 80.89 -582.65|
-294.64 80.89 -582.65|
-294.66 80.89 -587.65|
-294.68 80.89 -592.65|
-294.70 80.89 -597.65|
-294.72 80.88 -602.65|
-294.74 80.88 -607.65|
-294.77 80.87 -612.65|
-294.79 80.87 -617.65|
-294.81 80.86 -622.65|
-294.83 80.85 -627.65|
-294.85 80.85 -632.65|
-294.87 80.84 -637.65|
-294.89 80.83 -642.65|
-294.92 80.82 -647.65|
-294.94 80.81 -652.65|
-294.96 80.79 -657.65|
-294.98 80.78 -662.65|
-295.00 80.77 -667.65|
-295.02 80.75 -672.65|
-295.04 80.74 -677.65|
-295.07 80.74 -682.65|
-295.09 80.74 -687.65|
-295.11 80.74 -692.65|
-295.13 80.74 -697.65|
-295.15 80.74 -702.65|
-295.17 80.74 -707.65|
-295.19 80.74 -712.65|
-295.21 80.74 -715.77|
-295.21 80.74 -715.77|
-295.21 80.74 -715.77|
-300.21 80.75 -715.77|
-305.21 80.75 -715.77|
-310.21 80.75 -715.77|
-315.21 80.75 -715.77|
-320.21 80.75 -715.77|
-325.21 80.75 -715.77|
-330.21 80.75 -715.77|
-335.21 80.75 -715.77|
-340.21 80.76 -715.77|
-345.21 80.77 -715.77|
-350.21 80.77 -715.77|
-355.21 80.78 -715.77|
-360.21 80.79 -715.77|
-365.21 80.80 -715.77|
-370.21 80.81 -715.77|
-375.21 80.82 -715.77|
-380.21 80.83 -715.77|
-385.21 80.83 -715.77|
-390.21 80.83 -715.77|
-395.21 80.83 -715.77|
-400.21 80.84 -715.77|
-405.21 80.84 -715.77|
-410.21 80.84 -715.77|
-415.21 80.84 -715.77|
-420.21 80.85 -715.77|
-425.21 80.85 -715.77|
-430.21 80.85 -715.77|
-435.21 80.85 -715.77|
-440.21 80.85 -715.77|
-445.21 80.85 -715.77|
-450.21 80.85 -715.77|
-455.21 80.85 -715.77|
-460.21 80.85 -715.77|
-465.21 80.85 -715.77|
-470.21 80.85 -715.77|
-475.21 80.85 -715.77|
-479.53 80.85 -715.77|
-479.53 80.85 -715.77|
-479.53 80.85 -715.77|
-479.57 80.85 -710.77|
-479.61 80.85 -705.77|
-479.66 80.85 -700.77|
-479.70 80.86 -695.77|
-479.74 80.86 -690.77|
-479.79 80.87 -685.77|
-479.83 80.88 -680.77|
-479.87 80.88 -675.77|
-479.91 80.89 -670.77|
-479.96 80.89 -665.77|
-480.00 80.89 -660.77|
-480.04 80.89 -655.77|
-480.10 80.89 -649.78|
-480.10 80.89 -649.78|
-480.10 80.89 -649.78|
-478.58 80.89 -645.01|
-477.06 80.89 -640.25|
-476.11 80.89 -637.26|
-476.11 80.89 -637.26|
-476.11 80.89 -637.26|
-472.58 80.89 -633.73|
-469.04 80.89 -630.19|
-465.51 80.89 -626.65|
-461.97 80.89 -623.12|
-458.44 80.89 -619.58|
-453.93 80.89 -615.07|
-453.93 80.89 -615.07|
-453.93 80.89 -615.07|
-450.07 80.89 -611.89|
-446.21 80.89 -608.71|
-442.35 80.89 -605.53|
-438.50 80.89 -602.35|
-434.64 80.89 -599.17|
-430.78 80.89 -595.99|
-426.92 80.89 -592.81|
-421.50 80.89 -588.34|
-421.50 80.89 -588.34|
-421.50 80.89 -588.34|
-417.41 80.89 -585.46|
-413.31 80.89 -582.59|
-409.22 80.89 -579.72|
-405.13 80.89 -576.85|
-401.04 80.89 -573.98|
-396.94 80.89 -571.10|
-392.85 80.89 -568.23|
-389.07 80.89 -565.58|
-389.07 80.89 -565.58|
-389.07 80.89 -565.58|
-384.07 80.89 -565.65|
-379.07 80.89 -565.72|
-374.08 80.89 -565.80|
-369.08 80.89 -565.87|
-364.08 80.89 -565.94|
-359.08 80.89 -566.01|
-354.08 80.89 -566.08|
-349.25 80.89 -566.15|
-349.25 80.89 -566.15|
-349.25 80.89 -566.15|
-344.31 80.89 -566.92|
-339.37 80.89 -567.68|
-334.43 80.89 -568.45|
-329.49 80.89 -569.22|
-324.55 80.89 -569.98|
-319.61 80.89 -570.75|
-316.26 80.89 -571.27|
-316.26 80.89 -571.27|
-316.26 80.89 -571.27|
-311.61 80.89 -573.13|
-306.97 80.89 -574.98|
-302.33 80.89 -576.84|
-296.34 80.89 -579.23|
-296.34 80.89 -579.23|
</vertices>
</customField>
