<?xml version="1.0" encoding="utf-8" standalone="no"?>
<customField name="CP-2">
    <vertices>
268.45 80.38 -345.53|
268.45 80.38 -345.53|
268.45 80.38 -345.53|
273.44 80.31 -345.69|
278.44 80.27 -345.86|
283.44 80.25 -346.02|
288.44 80.25 -346.18|
293.43 80.26 -346.35|
298.43 80.30 -346.51|
303.43 80.44 -346.67|
308.43 80.59 -346.84|
313.42 80.68 -347.00|
318.42 80.70 -347.16|
324.29 80.59 -347.35|
324.29 80.59 -347.35|
324.29 80.59 -347.35|
324.88 80.71 -352.32|
325.46 80.85 -357.28|
326.04 80.96 -362.25|
326.63 81.02 -367.22|
327.21 81.06 -372.18|
327.80 81.15 -377.15|
328.38 81.26 -382.11|
328.97 81.28 -387.08|
329.55 81.19 -392.04|
330.13 80.94 -397.01|
330.72 80.64 -401.98|
331.30 80.40 -406.94|
331.89 80.27 -411.91|
332.47 80.24 -416.87|
333.05 80.24 -421.84|
333.64 80.26 -426.80|
334.22 80.28 -431.77|
334.81 80.29 -436.74|
335.39 80.35 -441.70|
335.98 80.48 -446.67|
336.56 80.66 -451.63|
337.14 80.87 -456.60|
337.73 81.03 -461.56|
338.31 81.11 -466.53|
338.90 81.07 -471.50|
339.48 80.93 -476.46|
340.07 80.73 -481.43|
340.65 80.53 -486.39|
341.29 80.39 -491.82|
341.29 80.39 -491.82|
341.29 80.39 -491.82|
342.96 80.33 -496.53|
344.64 80.20 -501.24|
346.31 79.95 -505.95|
347.99 79.64 -510.66|
349.66 79.40 -515.38|
351.33 79.28 -520.09|
353.01 79.25 -524.80|
354.68 79.30 -529.51|
356.36 79.40 -534.22|
358.03 79.53 -538.93|
359.71 79.71 -543.64|
361.38 79.92 -548.35|
363.06 80.13 -553.07|
364.73 80.33 -557.78|
366.41 80.48 -562.49|
368.08 80.57 -567.20|
369.75 80.60 -571.91|
371.43 80.55 -576.62|
373.10 80.47 -581.33|
374.78 80.34 -586.04|
377.10 80.06 -592.58|
377.10 80.06 -592.58|
377.10 80.06 -592.58|
376.05 79.61 -597.47|
374.99 79.29 -602.36|
373.94 79.20 -607.24|
372.88 79.35 -612.13|
371.83 79.68 -617.02|
370.42 80.25 -623.54|
370.42 80.25 -623.54|
370.42 80.25 -623.54|
365.43 80.60 -623.70|
360.43 80.78 -623.85|
355.43 80.80 -624.01|
350.43 80.72 -624.17|
345.44 80.56 -624.33|
340.44 80.43 -624.48|
335.44 80.32 -624.64|
330.44 80.24 -624.80|
325.45 80.20 -624.96|
320.45 80.20 -625.11|
315.45 80.25 -625.27|
310.45 80.31 -625.43|
305.46 80.31 -625.59|
300.46 80.31 -625.74|
293.33 80.31 -625.97|
293.33 80.31 -625.97|
293.33 80.31 -625.97|
288.33 80.31 -625.92|
283.33 80.31 -625.87|
278.34 80.31 -625.82|
273.34 80.31 -625.77|
268.34 80.31 -625.72|
263.34 80.34 -625.68|
258.34 80.34 -625.63|
253.34 80.33 -625.58|
248.34 80.31 -625.53|
243.34 80.30 -625.48|
238.34 80.31 -625.43|
230.81 80.30 -625.36|
230.81 80.30 -625.36|
230.81 80.30 -625.36|
230.81 80.31 -620.36|
230.81 80.31 -615.36|
230.81 80.31 -610.36|
230.81 80.31 -605.36|
230.81 80.31 -600.36|
230.81 80.31 -595.36|
230.81 80.31 -590.36|
230.81 80.31 -585.36|
230.81 80.31 -580.36|
230.81 80.31 -575.36|
230.81 80.31 -570.36|
230.81 80.31 -565.36|
230.81 80.31 -561.62|
230.81 80.31 -561.62|
230.81 80.31 -561.62|
232.14 80.31 -556.80|
233.47 80.31 -551.98|
234.80 80.31 -547.16|
236.12 80.31 -542.34|
237.45 80.31 -537.52|
238.78 80.31 -532.70|
240.11 80.31 -527.88|
241.43 80.31 -523.06|
242.35 80.31 -519.74|
242.35 80.31 -519.74|
242.35 80.31 -519.74|
244.12 80.31 -515.07|
245.90 80.31 -510.40|
247.68 80.31 -505.72|
249.46 80.31 -501.05|
251.24 80.31 -496.38|
253.01 80.31 -491.70|
254.79 80.31 -487.03|
256.57 80.31 -482.36|
258.35 80.31 -477.68|
260.12 80.30 -473.01|
261.90 80.30 -468.34|
263.59 80.29 -463.90|
263.59 80.29 -463.90|
263.59 80.29 -463.90|
263.72 80.28 -458.90|
263.85 80.28 -453.90|
263.98 80.28 -448.90|
264.11 80.28 -443.90|
264.24 80.28 -438.91|
264.36 80.27 -433.91|
264.49 80.27 -428.91|
264.62 80.27 -423.91|
264.75 80.27 -418.91|
264.88 80.28 -413.91|
265.01 80.28 -408.92|
265.14 80.28 -403.92|
265.27 80.29 -398.92|
265.39 80.29 -393.92|
265.52 80.30 -388.92|
265.65 80.31 -383.92|
265.78 80.32 -378.93|
265.91 80.32 -373.93|
266.04 80.33 -368.93|
266.17 80.34 -363.93|
266.30 80.35 -358.93|
266.43 80.37 -353.93|
266.63 80.41 -346.14|
266.63 80.41 -346.14|
</vertices>
</customField>
