<?xml version="1.0" encoding="utf-8" standalone="no"?>
<customField name="CP-1">
    <vertices>
181.31 44.25 565.72|
178.82 44.25 564.04|
176.33 44.25 562.37|
173.85 44.25 560.69|
171.36 44.25 559.02|
168.87 44.25 557.34|
166.38 44.25 555.66|
163.89 44.25 553.99|
161.41 44.25 552.31|
158.92 44.25 550.63|
156.43 44.25 548.96|
153.94 44.25 547.28|
151.45 44.25 545.61|
148.97 44.25 543.93|
146.48 44.25 542.25|
143.99 44.25 540.58|
141.20 44.25 538.70|
138.60 44.25 537.20|
136.01 44.25 535.70|
133.41 44.25 534.20|
130.81 44.25 532.70|
128.21 44.25 531.20|
125.61 44.25 529.70|
123.01 44.25 528.20|
120.41 44.25 526.71|
117.82 44.25 525.21|
115.22 44.25 523.71|
111.62 44.25 521.63|
108.82 44.25 520.56|
106.02 44.25 519.49|
103.21 44.25 518.42|
100.41 44.25 517.35|
97.61 44.25 516.28|
94.81 44.25 515.21|
92.00 44.25 514.14|
89.20 44.25 513.07|
86.31 44.25 511.96|
83.38 44.25 511.28|
80.46 44.25 510.60|
77.54 44.25 509.92|
74.62 44.25 509.25|
71.69 44.25 508.57|
68.77 44.25 507.89|
65.85 44.25 507.21|
62.93 44.25 506.53|
58.15 44.25 505.42|
55.18 44.25 504.96|
52.21 44.25 504.51|
49.25 44.25 504.06|
46.28 44.25 503.60|
43.32 44.25 503.15|
40.35 44.25 502.70|
37.39 44.25 502.24|
34.42 44.25 501.79|
30.27 44.25 501.15|
27.27 44.25 501.04|
24.27 44.25 500.92|
21.28 44.25 500.81|
18.28 44.25 500.69|
15.28 44.25 500.58|
12.28 44.25 500.46|
9.29 44.25 500.34|
6.29 44.25 500.23|
0.69 44.25 500.01|
-2.31 44.25 500.01|
-5.31 44.25 500.01|
-8.31 44.25 500.01|
-11.31 44.25 500.01|
-14.31 44.25 500.01|
-17.31 44.25 500.01|
-23.21 44.25 500.01|
-26.20 44.25 500.24|
-30.89 44.26 500.58|
-29.42 44.36 497.96|
-27.96 44.39 495.35|
-26.49 44.39 492.73|
-25.03 44.41 490.11|
-23.56 44.42 487.49|
-21.50 44.45 483.80|
-19.43 44.44 481.63|
-17.35 44.44 479.46|
-15.28 44.43 477.30|
-13.20 44.42 475.13|
-11.13 44.41 472.96|
-8.98 44.37 470.72|
-6.83 44.31 468.62|
-4.68 44.26 466.53|
-2.53 44.25 464.44|
1.54 44.25 460.48|
3.86 44.25 458.57|
6.17 44.25 456.66|
8.49 44.25 454.75|
11.21 44.26 452.51|
13.33 44.28 450.39|
15.45 44.30 448.27|
17.58 44.33 446.15|
20.31 44.38 443.41|
22.86 44.38 441.82|
25.40 44.40 440.23|
27.95 44.43 438.64|
30.49 44.47 437.05|
33.97 44.53 434.88|
36.89 44.50 434.21|
40.23 44.48 433.45|
43.17 44.38 434.03|
46.11 44.32 434.61|
49.06 44.28 435.19|
54.73 44.25 436.30|
57.66 44.25 436.94|
60.59 44.25 437.58|
63.52 44.25 438.23|
66.45 44.25 438.87|
69.38 44.25 439.51|
72.31 44.25 440.15|
75.50 44.25 440.85|
78.42 44.25 441.54|
81.34 44.25 442.22|
84.26 44.25 442.91|
90.00 44.25 444.26|
92.91 44.25 445.01|
95.81 44.25 445.76|
98.72 44.25 446.51|
101.62 44.25 447.26|
104.53 44.25 448.01|
107.64 44.25 448.81|
110.51 44.25 449.68|
113.38 44.25 450.55|
116.25 44.25 451.42|
119.87 44.25 452.51|
122.77 44.25 453.28|
125.67 44.25 454.06|
128.57 44.25 454.83|
132.67 44.25 455.93|
135.56 44.25 456.71|
138.46 44.25 457.50|
142.06 44.25 458.49|
144.74 44.25 459.83|
147.42 44.25 461.17|
150.11 44.25 462.51|
152.87 44.25 463.89|
155.62 44.25 465.07|
158.84 44.25 466.45|
161.12 44.25 468.40|
164.81 44.27 471.57|
167.06 44.27 473.56|
169.31 44.26 475.54|
172.21 44.25 478.11|
173.35 44.25 480.89|
174.48 44.25 483.66|
176.76 44.25 489.21|
176.96 44.25 492.20|
177.16 44.25 495.19|
177.36 44.25 498.19|
177.61 44.25 502.01|
178.12 44.25 504.96|
178.63 44.25 507.92|
179.14 44.25 510.87|
179.65 44.25 513.83|
180.46 44.25 518.50|
180.85 44.25 521.48|
181.24 44.25 524.45|
181.64 44.25 527.43|
182.03 44.25 530.40|
182.42 44.25 533.37|
183.02 44.25 537.85|
183.08 44.25 540.84|
183.15 44.25 543.84|
183.22 44.25 546.84|
183.30 44.25 550.36|
183.22 44.25 553.36|
183.14 44.25 556.36|
183.02 44.25 561.17|
180.74 44.25 565.72|
</vertices>
</customField>
