<?xml version="1.0" encoding="utf-8" standalone="no"?>
<customField name="CP-1">
    <vertices>
-474.76 100.00 125.90|
-474.76 100.00 125.90|
-474.76 100.00 125.90|
-469.76 100.00 125.90|
-464.76 100.00 125.90|
-459.76 100.00 125.90|
-454.76 100.00 125.90|
-449.76 100.00 125.90|
-444.76 100.00 125.90|
-439.76 100.00 125.90|
-434.76 100.00 125.90|
-429.76 100.00 125.90|
-422.13 99.99 125.90|
-422.13 99.99 125.90|
-422.13 99.99 125.90|
-422.18 100.00 120.90|
-422.23 100.00 115.90|
-422.28 100.00 110.90|
-422.33 100.00 105.90|
-422.38 100.00 100.90|
-422.43 100.00 95.90|
-422.48 100.00 90.90|
-422.53 100.00 85.90|
-422.59 100.00 80.90|
-422.64 100.00 75.90|
-422.69 100.00 70.90|
-422.74 100.00 65.90|
-422.79 100.00 60.90|
-422.84 100.00 55.90|
-422.89 100.00 50.90|
-422.94 100.00 45.90|
-422.99 100.00 40.90|
-423.04 100.00 35.90|
-423.09 100.00 30.90|
-423.14 100.00 25.90|
-423.19 100.00 20.90|
-423.24 100.00 15.90|
-423.29 100.00 10.90|
-423.34 100.00 5.90|
-423.39 100.00 0.90|
-423.46 100.00 -5.44|
-423.46 100.00 -5.44|
-423.46 100.00 -5.44|
-428.46 100.00 -5.49|
-433.46 100.00 -5.53|
-438.46 100.00 -5.57|
-443.46 100.00 -5.62|
-448.46 100.00 -5.66|
-453.46 100.00 -5.70|
-458.46 100.00 -5.75|
-463.46 100.00 -5.79|
-468.46 100.00 -5.83|
-474.76 100.00 -5.89|
-474.76 100.00 -5.89|
-474.76 100.00 -5.89|
-474.77 100.00 -0.89|
-474.79 100.00 4.11|
-474.81 100.00 9.11|
-474.82 100.00 14.11|
-474.84 100.00 19.11|
-474.86 100.00 24.11|
-474.87 100.00 29.11|
-474.89 100.00 34.11|
-474.91 100.00 39.11|
-474.92 100.00 44.11|
-474.94 100.00 49.11|
-474.96 100.00 54.11|
-474.98 100.00 59.11|
-474.99 100.00 64.11|
-475.01 100.00 69.11|
-475.03 100.00 74.11|
-475.04 100.00 79.11|
-475.06 100.00 84.11|
-475.08 100.00 89.11|
-475.09 100.00 94.11|
-475.11 100.00 99.11|
-475.13 100.00 104.11|
-475.14 100.00 109.11|
-475.16 100.00 114.11|
-475.18 100.00 119.11|
-475.20 100.00 124.57|
-475.20 100.00 124.57|
</vertices>
</customField>
