<?xml version="1.0" encoding="utf-8" standalone="no"?>
<customField name="CP-2">
    <vertices>
-502.35 100.00 127.95|
-502.35 100.00 127.95|
-502.35 100.00 127.95|
-502.35 99.97 122.95|
-502.35 99.96 117.95|
-502.35 99.98 112.95|
-502.35 99.98 107.95|
-502.35 99.98 102.95|
-502.35 99.98 97.95|
-502.35 99.98 92.95|
-502.35 99.98 87.95|
-502.35 99.98 82.95|
-502.35 99.98 77.95|
-502.35 99.98 72.95|
-502.35 99.98 67.95|
-502.35 99.98 62.95|
-502.35 99.98 57.95|
-502.35 99.98 52.95|
-502.35 99.98 47.95|
-502.35 99.98 42.95|
-502.35 99.98 37.95|
-502.35 99.98 32.95|
-502.35 99.98 27.95|
-502.35 99.98 22.95|
-502.35 99.98 17.95|
-502.35 99.97 12.47|
-502.35 99.97 12.47|
-502.35 99.97 12.47|
-503.66 99.99 7.64|
-504.91 99.98 3.08|
-504.91 99.98 3.08|
-504.91 99.98 3.08|
-509.74 99.97 0.23|
-509.74 99.97 0.23|
-509.74 99.97 0.23|
-514.74 99.97 0.25|
-519.74 99.97 0.27|
-524.74 99.97 0.28|
-529.74 99.97 0.30|
-534.74 99.97 0.32|
-539.74 99.97 0.33|
-544.74 99.98 0.35|
-549.74 99.98 0.37|
-554.74 99.98 0.38|
-559.74 99.98 0.40|
-564.74 99.98 0.41|
-569.74 99.99 0.43|
-574.74 99.99 0.45|
-579.74 99.99 0.46|
-584.74 99.99 0.48|
-589.74 99.99 0.50|
-596.50 99.99 0.52|
-596.50 99.99 0.52|
-596.50 99.99 0.52|
-602.19 99.99 2.79|
-602.19 99.99 2.79|
-602.19 99.99 2.79|
-605.31 99.98 7.06|
-605.31 99.98 7.06|
-605.31 99.98 7.06|
-605.31 99.99 12.06|
-605.31 99.99 17.06|
-605.31 99.99 22.06|
-605.31 99.99 27.06|
-605.31 99.99 32.06|
-605.31 99.99 37.06|
-605.31 99.99 42.06|
-605.31 99.99 47.06|
-605.31 99.99 52.06|
-605.31 99.99 57.06|
-605.31 99.99 62.06|
-605.31 99.99 67.06|
-605.31 99.99 72.06|
-605.31 99.99 77.06|
-605.31 99.99 82.06|
-605.31 99.99 87.06|
-605.31 99.99 92.06|
-605.31 99.99 97.06|
-605.31 99.99 102.06|
-605.31 99.99 107.06|
-605.31 99.99 112.06|
-605.31 99.99 117.06|
-605.31 99.99 122.06|
-605.31 99.99 127.67|
-605.31 99.99 127.67|
-605.31 99.99 127.67|
-600.31 100.00 127.67|
-595.31 100.00 127.67|
-590.31 100.00 127.67|
-585.31 100.00 127.67|
-580.31 100.00 127.67|
-575.31 100.00 127.67|
-570.31 100.00 127.67|
-565.31 100.00 127.67|
-560.31 100.00 127.67|
-555.31 100.00 127.67|
-550.31 100.00 127.67|
-545.31 100.00 127.67|
-540.31 100.00 127.67|
-535.31 100.00 127.67|
-530.31 100.00 127.67|
-525.31 100.00 127.67|
-520.31 100.00 127.67|
-515.31 100.00 127.67|
-510.31 100.00 127.67|
-503.20 100.00 127.67|
-503.20 100.00 127.67|
</vertices>
</customField>
