<?xml version="1.0" encoding="utf-8" standalone="no"?>
<customField name="CP-3">
    <vertices>
-754.10 105.82 130.57|
-754.10 105.82 130.57|
-754.10 105.82 130.57|
-754.10 105.78 125.57|
-754.10 105.73 120.57|
-754.10 105.65 115.57|
-754.10 105.54 110.57|
-754.10 105.39 105.57|
-754.10 105.23 100.57|
-754.10 105.03 95.57|
-754.10 104.83 90.57|
-754.10 104.62 85.57|
-754.10 104.40 80.57|
-754.10 104.16 75.57|
-754.10 103.95 70.57|
-754.10 103.72 65.57|
-754.10 103.49 60.57|
-754.10 103.27 55.57|
-754.10 103.07 50.57|
-754.10 102.87 45.57|
-754.10 102.68 40.57|
-754.10 102.49 35.57|
-754.10 102.33 30.57|
-754.10 102.18 25.57|
-754.10 102.04 20.57|
-754.10 101.92 15.57|
-754.10 101.81 10.57|
-754.10 101.75 7.12|
-754.10 101.75 7.12|
-754.10 101.75 7.12|
-759.10 102.29 7.06|
-764.10 102.90 7.00|
-769.10 103.58 6.94|
-774.10 104.34 6.88|
-778.00 104.97 6.83|
-778.00 104.97 6.83|
-778.00 104.97 6.83|
-778.01 105.19 11.83|
-778.02 105.45 16.83|
-778.03 105.74 21.83|
-778.04 106.08 26.83|
-778.05 106.45 31.83|
-778.06 106.86 36.83|
-778.08 107.29 41.83|
-778.09 107.76 46.83|
-778.10 108.25 51.83|
-778.11 108.76 56.83|
-778.12 109.28 61.83|
-778.13 109.80 66.83|
-778.15 110.32 71.83|
-778.16 110.82 76.83|
-778.17 111.29 81.83|
-778.18 111.73 86.83|
-778.19 112.14 91.83|
-778.20 112.51 96.83|
-778.21 112.83 101.83|
-778.23 113.11 106.83|
-778.24 113.34 111.83|
-778.25 113.53 116.83|
-778.26 113.66 121.83|
-778.27 113.74 126.83|
-778.28 113.77 130.28|
-778.28 113.77 130.28|
-778.28 113.77 130.28|
-773.28 111.89 130.28|
-768.28 110.12 130.28|
-763.28 108.47 130.28|
-758.28 106.97 130.28|
-754.39 105.89 130.28|
-754.39 105.89 130.28|
</vertices>
</customField>
